1.000000000000000000e+00 0.000000000000000000e+00
1.000000000000000000e+00 0.000000000000000000e+00
1.000000000000000000e+00 0.000000000000000000e+00
1.000000000000000000e+00 0.000000000000000000e+00
1.000000000000000000e+00 0.000000000000000000e+00
1.000000000000000000e+00 0.000000000000000000e+00
1.000000000000000000e+00 0.000000000000000000e+00
1.000000000000000000e+00 0.000000000000000000e+00
1.000000000000000000e+00 0.000000000000000000e+00
1.000000000000000000e+00 0.000000000000000000e+00
1.000000000000000000e+00 0.000000000000000000e+00
1.000000000000000000e+00 0.000000000000000000e+00
1.000000000000000000e+00 0.000000000000000000e+00
1.000000000000000000e+00 0.000000000000000000e+00
1.000000000000000000e+00 0.000000000000000000e+00
1.000000000000000000e+00 0.000000000000000000e+00
1.000000000000000000e+00 0.000000000000000000e+00
1.000000000000000000e+00 0.000000000000000000e+00
1.000000000000000000e+00 0.000000000000000000e+00
1.000000000000000000e+00 0.000000000000000000e+00
1.000000000000000000e+00 -6.000000000000013642e+02
1.000000000000000000e+00 -6.000000000000013642e+02
1.000000000000000000e+00 -5.900000000000034106e+02
1.000000000000000000e+00 -5.900000000000034106e+02
1.000000000000000000e+00 -5.799999999999982947e+02
1.000000000000000000e+00 -5.799999999999982947e+02
1.000000000000000000e+00 -5.700000000000002274e+02
1.000000000000000000e+00 -5.700000000000002274e+02
1.000000000000000000e+00 -5.600000000000022737e+02
1.000000000000000000e+00 -5.600000000000022737e+02
1.000000000000000000e+00 -5.499999999999971578e+02
1.000000000000000000e+00 -5.499999999999971578e+02
1.000000000000000000e+00 -5.399999999999990905e+02
1.000000000000000000e+00 -5.399999999999990905e+02
1.000000000000000000e+00 -5.300000000000011369e+02
1.000000000000000000e+00 -5.300000000000011369e+02
1.000000000000000000e+00 -5.200000000000031832e+02
1.000000000000000000e+00 -5.200000000000031832e+02
1.000000000000000000e+00 -5.099999999999980105e+02
1.000000000000000000e+00 -5.099999999999980105e+02
1.000000000000000000e+00 -5.000000000000000000e+02
1.000000000000000000e+00 -5.000000000000000000e+02
1.000000000000000000e+00 -4.900000000000019895e+02
1.000000000000000000e+00 -4.900000000000019895e+02
1.000000000000000000e+00 -4.799999999999968736e+02
1.000000000000000000e+00 -4.799999999999968736e+02
1.000000000000000000e+00 -4.699999999999988631e+02
1.000000000000000000e+00 -4.699999999999988631e+02
1.000000000000000000e+00 -4.600000000000008527e+02
1.000000000000000000e+00 -4.600000000000008527e+02
1.000000000000000000e+00 -4.500000000000028422e+02
1.000000000000000000e+00 -4.500000000000028422e+02
1.000000000000000000e+00 -4.399999999999977263e+02
1.000000000000000000e+00 -4.399999999999977263e+02
1.000000000000000000e+00 -4.299999999999997158e+02
1.000000000000000000e+00 -4.299999999999997158e+02
1.000000000000000000e+00 -4.200000000000017053e+02
1.000000000000000000e+00 -4.200000000000017053e+02
1.000000000000000000e+00 -4.099999999999965894e+02
1.000000000000000000e+00 -4.099999999999965894e+02
1.000000000000000000e+00 -3.999999999999985789e+02
1.000000000000000000e+00 -3.999999999999985789e+02
1.000000000000000000e+00 -3.900000000000005684e+02
1.000000000000000000e+00 -3.900000000000005684e+02
1.000000000000000000e+00 -3.800000000000025580e+02
1.000000000000000000e+00 -3.800000000000025580e+02
1.000000000000000000e+00 -3.699999999999974420e+02
1.000000000000000000e+00 -3.699999999999974420e+02
1.000000000000000000e+00 -3.599999999999994316e+02
1.000000000000000000e+00 -3.599999999999994316e+02
1.000000000000000000e+00 -3.500000000000014211e+02
1.000000000000000000e+00 -3.500000000000014211e+02
1.000000000000000000e+00 -3.400000000000034106e+02
1.000000000000000000e+00 -3.400000000000034106e+02
1.000000000000000000e+00 -3.299999999999982947e+02
1.000000000000000000e+00 -3.299999999999982947e+02
1.000000000000000000e+00 -3.200000000000002842e+02
1.000000000000000000e+00 -3.200000000000002842e+02
1.000000000000000000e+00 -3.100000000000022737e+02
1.000000000000000000e+00 -3.100000000000022737e+02
1.000000000000000000e+00 -2.999999999999971578e+02
1.000000000000000000e+00 -2.999999999999971578e+02
1.000000000000000000e+00 -2.899999999999991473e+02
1.000000000000000000e+00 -2.899999999999991473e+02
1.000000000000000000e+00 -2.800000000000011369e+02
1.000000000000000000e+00 -2.800000000000011369e+02
1.000000000000000000e+00 -2.700000000000031264e+02
1.000000000000000000e+00 -2.700000000000031264e+02
1.000000000000000000e+00 -2.599999999999980105e+02
1.000000000000000000e+00 -2.599999999999980105e+02
1.000000000000000000e+00 -2.500000000000000000e+02
1.000000000000000000e+00 -2.500000000000000000e+02
1.000000000000000000e+00 -2.400000000000019895e+02
1.000000000000000000e+00 -2.400000000000019895e+02
1.000000000000000000e+00 -2.299999999999968736e+02
1.000000000000000000e+00 -2.299999999999968736e+02
1.000000000000000000e+00 -2.199999999999988631e+02
1.000000000000000000e+00 -2.199999999999988631e+02
1.000000000000000000e+00 -2.100000000000008527e+02
1.000000000000000000e+00 -2.100000000000008527e+02
1.000000000000000000e+00 -2.000000000000028422e+02
1.000000000000000000e+00 -2.000000000000028422e+02
1.000000000000000000e+00 -1.899999999999977263e+02
1.000000000000000000e+00 -1.899999999999977263e+02
1.000000000000000000e+00 -1.799999999999997158e+02
1.000000000000000000e+00 -1.799999999999997158e+02
1.000000000000000000e+00 -1.700000000000017053e+02
1.000000000000000000e+00 -1.700000000000017053e+02
1.000000000000000000e+00 -1.599999999999965894e+02
1.000000000000000000e+00 -1.599999999999965894e+02
1.000000000000000000e+00 -1.499999999999985789e+02
1.000000000000000000e+00 -1.499999999999985789e+02
1.000000000000000000e+00 -1.400000000000005684e+02
1.000000000000000000e+00 -1.400000000000005684e+02
1.000000000000000000e+00 -1.300000000000025580e+02
1.000000000000000000e+00 -1.300000000000025580e+02
1.000000000000000000e+00 -1.199999999999974420e+02
1.000000000000000000e+00 -1.199999999999974420e+02
1.000000000000000000e+00 -1.099999999999994316e+02
1.000000000000000000e+00 -1.099999999999994316e+02
1.000000000000000000e+00 -1.000000000000014211e+02
1.000000000000000000e+00 -1.000000000000014211e+02
1.000000000000000000e+00 -9.000000000000341061e+01
1.000000000000000000e+00 -9.000000000000341061e+01
1.000000000000000000e+00 -7.999999999999829470e+01
1.000000000000000000e+00 -7.999999999999829470e+01
1.000000000000000000e+00 -7.000000000000028422e+01
1.000000000000000000e+00 -7.000000000000028422e+01
1.000000000000000000e+00 -6.000000000000227374e+01
1.000000000000000000e+00 -6.000000000000227374e+01
1.000000000000000000e+00 -4.999999999999715783e+01
1.000000000000000000e+00 -4.999999999999715783e+01
1.000000000000000000e+00 -3.999999999999914735e+01
1.000000000000000000e+00 -3.999999999999914735e+01
1.000000000000000000e+00 -3.000000000000113687e+01
1.000000000000000000e+00 -3.000000000000113687e+01
1.000000000000000000e+00 -2.000000000000312639e+01
1.000000000000000000e+00 -2.000000000000312639e+01
1.000000000000000000e+00 -9.999999999998010480e+00
1.000000000000000000e+00 -9.999999999998010480e+00
1.000000000000000000e+00 0.000000000000000000e+00
1.000000000000000000e+00 0.000000000000000000e+00
1.000000000000000000e+00 9.999999999998010480e+00
1.000000000000000000e+00 9.999999999998010480e+00
1.000000000000000000e+00 2.000000000000312639e+01
1.000000000000000000e+00 2.000000000000312639e+01
1.000000000000000000e+00 3.000000000000113687e+01
1.000000000000000000e+00 3.000000000000113687e+01
1.000000000000000000e+00 3.999999999999914735e+01
1.000000000000000000e+00 3.999999999999914735e+01
1.000000000000000000e+00 4.999999999999715783e+01
1.000000000000000000e+00 4.999999999999715783e+01
1.000000000000000000e+00 6.000000000000227374e+01
1.000000000000000000e+00 6.000000000000227374e+01
1.000000000000000000e+00 7.000000000000028422e+01
1.000000000000000000e+00 7.000000000000028422e+01
1.000000000000000000e+00 7.999999999999829470e+01
1.000000000000000000e+00 7.999999999999829470e+01
1.000000000000000000e+00 9.000000000000341061e+01
1.000000000000000000e+00 9.000000000000341061e+01
1.000000000000000000e+00 1.000000000000014211e+02
1.000000000000000000e+00 1.000000000000014211e+02
1.000000000000000000e+00 1.099999999999994316e+02
1.000000000000000000e+00 1.099999999999994316e+02
1.000000000000000000e+00 1.199999999999974420e+02
1.000000000000000000e+00 1.199999999999974420e+02
1.000000000000000000e+00 1.300000000000025580e+02
1.000000000000000000e+00 1.300000000000025580e+02
1.000000000000000000e+00 1.400000000000005684e+02
1.000000000000000000e+00 1.400000000000005684e+02
1.000000000000000000e+00 1.499999999999985789e+02
1.000000000000000000e+00 1.499999999999985789e+02
1.000000000000000000e+00 1.599999999999965894e+02
1.000000000000000000e+00 1.599999999999965894e+02
1.000000000000000000e+00 1.700000000000017053e+02
1.000000000000000000e+00 1.700000000000017053e+02
1.000000000000000000e+00 1.799999999999997158e+02
1.000000000000000000e+00 1.799999999999997158e+02
1.000000000000000000e+00 1.899999999999977263e+02
1.000000000000000000e+00 1.899999999999977263e+02
1.000000000000000000e+00 2.000000000000028422e+02
1.000000000000000000e+00 2.000000000000028422e+02
1.000000000000000000e+00 2.100000000000008527e+02
1.000000000000000000e+00 2.100000000000008527e+02
1.000000000000000000e+00 2.199999999999988631e+02
1.000000000000000000e+00 2.199999999999988631e+02
1.000000000000000000e+00 2.299999999999968736e+02
1.000000000000000000e+00 2.299999999999968736e+02
1.000000000000000000e+00 2.400000000000019895e+02
1.000000000000000000e+00 2.400000000000019895e+02
1.000000000000000000e+00 2.500000000000000000e+02
1.000000000000000000e+00 2.500000000000000000e+02
1.000000000000000000e+00 2.599999999999980105e+02
1.000000000000000000e+00 2.599999999999980105e+02
1.000000000000000000e+00 2.700000000000031264e+02
1.000000000000000000e+00 2.700000000000031264e+02
1.000000000000000000e+00 2.800000000000011369e+02
1.000000000000000000e+00 2.800000000000011369e+02
1.000000000000000000e+00 2.899999999999991473e+02
1.000000000000000000e+00 2.899999999999991473e+02
1.000000000000000000e+00 2.999999999999971578e+02
1.000000000000000000e+00 2.999999999999971578e+02
1.000000000000000000e+00 3.100000000000022737e+02
1.000000000000000000e+00 3.100000000000022737e+02
1.000000000000000000e+00 3.200000000000002842e+02
1.000000000000000000e+00 3.200000000000002842e+02
1.000000000000000000e+00 3.299999999999982947e+02
1.000000000000000000e+00 3.299999999999982947e+02
1.000000000000000000e+00 3.400000000000034106e+02
1.000000000000000000e+00 3.400000000000034106e+02
1.000000000000000000e+00 3.500000000000014211e+02
1.000000000000000000e+00 3.500000000000014211e+02
1.000000000000000000e+00 3.599999999999994316e+02
1.000000000000000000e+00 3.599999999999994316e+02
1.000000000000000000e+00 3.699999999999974420e+02
1.000000000000000000e+00 3.699999999999974420e+02
1.000000000000000000e+00 3.800000000000025580e+02
1.000000000000000000e+00 3.800000000000025580e+02
1.000000000000000000e+00 3.900000000000005684e+02
1.000000000000000000e+00 3.900000000000005684e+02
1.000000000000000000e+00 3.999999999999985789e+02
1.000000000000000000e+00 3.999999999999985789e+02
1.000000000000000000e+00 4.099999999999965894e+02
1.000000000000000000e+00 4.099999999999965894e+02
1.000000000000000000e+00 4.200000000000017053e+02
1.000000000000000000e+00 4.200000000000017053e+02
1.000000000000000000e+00 4.299999999999997158e+02
1.000000000000000000e+00 4.299999999999997158e+02
1.000000000000000000e+00 4.399999999999977263e+02
1.000000000000000000e+00 4.399999999999977263e+02
1.000000000000000000e+00 4.500000000000028422e+02
1.000000000000000000e+00 4.500000000000028422e+02
1.000000000000000000e+00 4.600000000000008527e+02
1.000000000000000000e+00 4.600000000000008527e+02
1.000000000000000000e+00 4.699999999999988631e+02
1.000000000000000000e+00 4.699999999999988631e+02
1.000000000000000000e+00 4.799999999999968736e+02
1.000000000000000000e+00 4.799999999999968736e+02
1.000000000000000000e+00 4.900000000000019895e+02
1.000000000000000000e+00 4.900000000000019895e+02
1.000000000000000000e+00 5.000000000000000000e+02
1.000000000000000000e+00 5.000000000000000000e+02
1.000000000000000000e+00 5.099999999999980105e+02
1.000000000000000000e+00 5.099999999999980105e+02
1.000000000000000000e+00 5.200000000000031832e+02
1.000000000000000000e+00 5.200000000000031832e+02
1.000000000000000000e+00 5.300000000000011369e+02
1.000000000000000000e+00 5.300000000000011369e+02
1.000000000000000000e+00 5.399999999999990905e+02
1.000000000000000000e+00 5.399999999999990905e+02
1.000000000000000000e+00 5.499999999999971578e+02
1.000000000000000000e+00 5.499999999999971578e+02
1.000000000000000000e+00 5.600000000000022737e+02
1.000000000000000000e+00 5.600000000000022737e+02
1.000000000000000000e+00 5.700000000000002274e+02
1.000000000000000000e+00 5.700000000000002274e+02
1.000000000000000000e+00 5.799999999999982947e+02
1.000000000000000000e+00 5.799999999999982947e+02
1.000000000000000000e+00 5.900000000000034106e+02
1.000000000000000000e+00 5.900000000000034106e+02
1.000000000000000000e+00 6.000000000000013642e+02
1.000000000000000000e+00 0.000000000000000000e+00
1.000000000000000000e+00 0.000000000000000000e+00
1.000000000000000000e+00 0.000000000000000000e+00
1.000000000000000000e+00 0.000000000000000000e+00
1.000000000000000000e+00 0.000000000000000000e+00
1.000000000000000000e+00 0.000000000000000000e+00
1.000000000000000000e+00 0.000000000000000000e+00
1.000000000000000000e+00 0.000000000000000000e+00
1.000000000000000000e+00 0.000000000000000000e+00
1.000000000000000000e+00 0.000000000000000000e+00
1.000000000000000000e+00 0.000000000000000000e+00
1.000000000000000000e+00 0.000000000000000000e+00
1.000000000000000000e+00 0.000000000000000000e+00
1.000000000000000000e+00 0.000000000000000000e+00
1.000000000000000000e+00 0.000000000000000000e+00
1.000000000000000000e+00 0.000000000000000000e+00
1.000000000000000000e+00 0.000000000000000000e+00
1.000000000000000000e+00 0.000000000000000000e+00
1.000000000000000000e+00 0.000000000000000000e+00
1.000000000000000000e+00 0.000000000000000000e+00
1.000000000000000000e+00 0.000000000000000000e+00
1.000000000000000000e+00 0.000000000000000000e+00
1.000000000000000000e+00 0.000000000000000000e+00
1.000000000000000000e+00 0.000000000000000000e+00
1.000000000000000000e+00 0.000000000000000000e+00
1.000000000000000000e+00 0.000000000000000000e+00
1.000000000000000000e+00 0.000000000000000000e+00
1.000000000000000000e+00 0.000000000000000000e+00
1.000000000000000000e+00 0.000000000000000000e+00
1.000000000000000000e+00 0.000000000000000000e+00
1.000000000000000000e+00 0.000000000000000000e+00
1.000000000000000000e+00 0.000000000000000000e+00
1.000000000000000000e+00 0.000000000000000000e+00
1.000000000000000000e+00 0.000000000000000000e+00
1.000000000000000000e+00 0.000000000000000000e+00
1.000000000000000000e+00 0.000000000000000000e+00
1.000000000000000000e+00 0.000000000000000000e+00
1.000000000000000000e+00 0.000000000000000000e+00
1.000000000000000000e+00 0.000000000000000000e+00
